0 1 -0.49
0 2 0.13
0 3 0.19
0 4 1.27
0 5 0.46
0 6 0.58
0 7 3.46
0 8 1.55
0 9 2.12
0 10 1.17
0 11 -0.76
0 12 1.44
0 13 0.74
3 10 0.57
3 14 -0.49
15 16 -3.39
15 17 0.86
17 12 -0.61
17 18 -4.37
17 19 1.17
17 14 -3.12
19 7 -0.27
19 20 -2.43
19 21 -1.39
4 10 -0.8
4 5 -0.86
4 22 0.93
2 14 0.37
2 23 0.4
11 21 0.41
11 18 -1.76
11 12 1.08
21 7 1.31
21 20 -1.07
18 1 1.4
18 12 3.04
18 23 1.38
5 13 0.75
5 23 -0.03
5 14 0.96
5 22 1.95
5 24 1.62
25 16 -2.97
25 24 -1.35
16 6 0.58
1 6 1.4
1 22 2.9
14 9 1.22
13 8 -0.61
13 6 -0.84
13 10 0.03
8 23 -1.57
9 6 -1.77
12 24 -0.01
20 22 1.73
22 24 -0.59
